0.011989513737303503
0.8155882333799783
0.2451936845573447
0.7285598457705945
0.2604602791672723
0.046054942099796325
0.00580723315619347
0.990878361463775
0.48655152804264934
0.586414146189673
0.7825593067217665
0.9853731165068652
0.6900687790240246
0.5041959603656336
0.9039332164831647
0.5955348584353577
0.6477578226321306
0.6764972261340259
0.8793632734928973
0.9217612229125184
0.3474965904157178
0.8487692908811503
0.5060440918329814
0.86560996487461
0.4606311630665778
0.34766318462692547
0.038984748695175875
0.26149648771076284
0.7534872767192606
0.6968643808516776
0.8277805447112657
0.8111153260062328
0.7580343741613422
0.8741062883923755
0.695645756514896
0.14324782404661207
0.5968740415643871
0.843060791554665
0.8645709532011268
0.29525117841646487
0.5891705236781504
0.2955602751899993
0.41503842733453256
0.7924070253091053
0.1518359393566352
0.24761500333883923
0.10955018702840313
0.28743997242630503
0.5542281808100152
0.24694635466522508
0.9062928014231239
0.41490010695947566
0.2848150207814376
0.47026487466496236
0.6425839757704882
0.11373551527042658
0.14470301628122006
0.9152795970020826
0.17731587709075947
0.17626447498330067
0.6956251902356622
0.22543314913573276
0.747430682068846
0.19288881389381074
0.35892683579574325
0.4246147326597737
0.4155338602392158
0.3792738317982084
0.2872841519046829
0.9846110207574751
0.26407157437255424
0.9963519787173577
0.11233539561252492
0.19981286703662526
0.4260682050592428
0.2033912887613678
0.8090999888411209
0.8017032333375494
0.13324074216898796
0.22050125542579424
0.21200623354197834
0.10991018549664933
0.70937714203622
0.6193327376693697
0.16754313336514337
0.7871157019083853
0.8401858301853661
0.40936064298668273
0.9149978864938849
0.44186993653548334
0.5103937822035869
0.34202100254879075
0.04943535509884933
0.9063672438407779
0.7146913380143018
0.5161071873055948
0.3400213776937908
0.005499118698222172
0.4211919052098996
0.9352125335574037
0.7519869347365632
0.029006340482127912
0.29439493894076363
0.14163934167102665
0.25197576938113686
0.920310704540498
0.3692110789324623
0.43107770818670976
0.3642130910700182
0.40361440522355296
0.20842886989738973
0.4384894163388955
0.9888784778417237
0.8851131625214483
0.073071927630742
0.07801592789104883
0.6942612391521843
0.98467669489839
0.2884171070958854
0.918361664872385
0.5507220795325206
0.9811081771751524
0.29801298030567847
0.07998689570893258
0.5871799459530479
0.28710213925033967
0.8638596863574501
0.6515771264445296
0.11978843181128895
0.3092778888649207
0.4929804154469979
0.440639166144306
0.5276611986439996
0.6941734116382869
0.4489356799020865
0.5967061831234358
0.531951680566836
0.012842963248951844
0.6414019177678041
0.2755174348297674
0.6722868891170397
0.39470831455037425
0.2777557192331628
0.04867083796662208
0.46850129863733525
0.48557277450883773
0.407675836448687
0.20562962198655377
0.7058112118318464
0.3752138999519067
0.39509546411837027
0.4435969204357372
0.38801634733292145
0.8167288113037551
0.9114067934353951
0.6956549862353194
0.16600963272775393
0.1428145694030225
0.25964145119583015
0.00869851553077805
0.4678222763133463
0.7734226118535662
0.7114193857977296
0.45007474745561027
0.1316262380523977
0.10473528339806226
0.06678022301759379
0.9954750541230687
0.0745614466863238
0.8711695680816665
0.8315806911094502
0.23050634348935273
0.4179504412190369
0.780121162115474
0.24796220831219207
0.4845028616972208
0.5334087745337398
0.3334198083632518
0.9104633614178836
0.7075222703950363
0.6745541934426379
0.2699748528993482
0.8536716640604106
1.0198296094632298E-4
0.2154635381703206
0.9908472529406853
0.8068800967194097
0.2102354282600345
0.029721264862600627
0.6609927752980649
0.777033576471241
0.4231599528730736
0.21284878359483972
0.4211783421242802
0.2433210525415177
0.4869314975946466
0.17609957053885128
0.28908156682708275
0.025089390245730092
0.9403934284061862
0.12104946829600494
0.8803414940872721
0.31932532272489644
0.8400301863589211
0.042107951566995316
0.038335862633096074
0.49477206833490495
0.01832907592275146
0.698020561806267
0.8257186508122708
0.976817701828963
0.24865611851500113
0.44362848255680154
0.1012589035899405
0.9606123590300761
0.6402850233619318
0.41959653373833683
0.08228011055899309
0.7494421141234531
0.3421009880892153
0.36051585728073976
0.8760069346401208
0.23120716747246994
0.2946338772351734
0.20073332103778052
0.95238392345418
0.37792278692960557
0.3374580253081382
0.7324547225711697
0.9264388953629231
0.6814813645281065
0.4526289787062132
0.8021140189219655
0.8200210560240827
0.12348456272414943
0.30471006351671537
0.9186966240316116
0.18075237203356498
0.6177744591060985
0.5240746528844417
0.6916495884044036
0.05028763852332174
0.8613635544294915
0.3725525142129982
0.21620732188198666
0.7944874696165366
0.1827829527762258
0.5291221032555188
0.3804059515346315
0.23486550833108466
0.2864392775329939
0.7382323973465525
0.08075625226196748
0.3536793419895904
0.7573901976447317
0.974471995950824
0.502488431976552
0.08429228131208055
0.8130197838337061
0.5946847416656676
0.9454790934780025
0.34394107609443436
0.06641444968432664
0.6722649908988666
0.158415083418727
0.5178022612707647
8.107292937624688E-4
0.3382476587226203
0.7814444600095135
0.061257958883228825
0.4453068863232811
0.4899416147375252
0.29151003480290005
0.751519367242186
0.58909986353991
0.6702372637610904
0.7947566746870515
0.39027441297501086
0.9748303326436568
0.26935253136456594
0.116848089390436
0.43578339619855355
0.4711880001522438
0.4556636204351131
0.9047250830643636
0.125854801254498
0.44075038303717196
0.40340052304892304
0.8722817439058568
0.14239073385964707
0.19109799253852078
0.4523691284528225
0.8976316890338029
0.7636995576907504
0.32556983403210393
0.808495603058639
0.4110821404486451
0.7525310919564894
0.7945925882666133
0.2738705683472751
0.4006280897970952
0.9357975540354997
0.2893379884798536
0.2811042374518211
0.4057249758514616
0.5462010046567971
0.11653275370869765
0.1991858871914819
0.07029312416244571
0.9164962863384931
0.846565724462834
0.4766741044370947
0.18235259060330555
0.04387584876613937
0.8366075728377396
0.6929272002302578
0.6403824432479978
0.8749709325006934
0.1962780008710162
0.9992155701155827
0.45544376120466323
0.90122133648016
0.8854668575444533
0.7489410847954358
0.7233010822864996
0.7998736338346837
0.4122344918431192
0.33982113764753996
0.4822220082912435
0.40762580571753815
0.03328805760303688
0.4207775893229926
0.509830562986157
0.27194401460021544
0.4503503572959031
0.6524042796236702
0.40633426476830725
0.38933453248052285
0.7428082127730866
0.1522689369810829
0.7616416125931089
0.5103626873650207
0.6803475511649089
0.6049385009023206
0.8103303959172272
0.5679674275256221
0.6188527959363165
0.7714995329920451
0.7411237534390216
0.36862848248734303
0.898668637327202
0.7944783769687105
0.746475676486605
0.6752011704279268
0.03639215250258088
0.2614482030033123
0.973063035383752
0.2057407844918614
0.029683939512556656
0.4642434225279668
0.7654266794766772
0.8743973146850025
0.7791571242135059
0.6705840704246128
0.9826991425848375
0.8084685108475831
0.9722233171708035
0.5110463193212881
0.7123023612543748
0.28995720087699484
0.7708450021624838
0.7766973800660076
0.40469325876246676
0.7904866316316427
0.29846411630809544
0.02134651433920154
0.3096814310071161
0.6951854126945566
0.23094703208088407
0.3672462513110525
0.10753761691788899
0.14416159422422858
0.7622061178732374
0.8242106950694916
0.7970571707745078
0.6594426501041437
0.8372288029737539
0.24950107794156595
0.2279384827523635
0.8707670358063135
0.8235650550585752
0.7994610560962201
0.14628099523171267
0.7053694042850024
0.726894645297312
0.3537672076710031
0.2597032071719618
0.8649107827269605
0.6471158126692343
0.9292930648530883
0.6225261335304941
0.2769617034881652
0.4184674070144102
0.5429677749651077
0.5916631939828773
0.4789546759740737
0.2805165744513979
0.33164342478072706
0.7103025361071806
0.5692802324953912
0.986414815676657
0.9918674468667151
0.13916358952590135
0.4432081696613023
0.9706451730944469
0.7635900405487124
0.6740542621036919
0.5205738638603707
0.0705536831106649
0.24921864992957166
0.9636512497820839
0.06767718961090008
0.8242789162482316
0.3330648102517607
0.27287066637770563
0.5175991196769669
0.5522630938018916
0.3461113583530089
0.02489193325926553
0.9011494746167347
0.27034913581971765
0.4071606990636162
0.3988426640998499
0.6149165648039101
0.9795380794226984
0.56380776555318
0.46034837204904566
0.2733974627841518
0.030801622131567008
0.9553142694353701
0.658595160946
0.3189456279389772
0.07291479393822242
0.7243430608237282
0.03624995329704084
0.3962801466965654
0.5570943317679258
0.8156450701676615
0.16752703864127427
0.23755884402149197
0.8942984160652065
0.11717352156288341
0.6648858348393476
0.9495252205758022
0.1393635679428865
0.6227328582778231
0.076289940326001
0.14599705160907817
0.5107254268167335
0.42515334388553405
0.13265221979748454
0.3269724290960072
0.145289776347734
0.3851141230466463
0.5990370890380581
0.26988644184995725
0.2350908556086565
0.2631212358327575
0.4333853829167301
0.9690598657012337
0.09569437137928039
0.9507791767384731
0.5629733018254699
0.8361390746531079
0.7758724183321565
0.19237811404096639
0.3515116428267079
0.4573338842173664
0.5338987729583025
0.8489508119927115
0.7487375594435343
0.19251794494209273
0.8778822526269262
0.3243371888534764
0.18954537382023517
0.2967645131695301
0.8958768974770313
0.2464261107554464
0.5411494357113956
0.04664764090016538
0.2860778980879294
0.8766277712860726
0.7844664226926424
0.5616470291450528
0.8382322458318061
0.006762397298664458
0.659850306898081
0.6252523997987804
0.11446356191636264
0.29493369194860797
0.2075082552055756
0.8308713625462995
0.7310311375536463
0.09058870412892506
0.989371174204138
0.8044020892270577
0.9521129228669952
0.8038481049184664
0.7918879518483298
0.0883403422507314
0.2725230626294993
0.7853240637079624
0.7781576397292808
0.5115480459741942
0.2883447747728368
0.5000254996126974
0.383009265702019
0.5143182364556722
0.43277936475079126
0.5025835552027969
0.7260839658497308
0.950129516449213
0.08908284445569481
0.35091234347736944
0.9556702122569162
0.343490454664102
0.18328186088139042
0.1315538438709336
0.7299869595613349
0.4475322956139134
0.606430809632088
0.712337573421718
0.9928062773283993
0.2155163672778624
0.7194923054078038
0.1866191050453223
0.3067511721278917
0.9771804796767684
0.7534939782829487
0.2282443066615718
0.27030034784338863
0.6938555638622094
0.13343396848759204
0.23751863074040314
0.9634766398785083
0.655542996578857
0.6264788115587749
0.22584384733860352
0.9423910700408995
0.8786495885044836
0.7433168999604939
0.3603175398351348
0.03426042552541908
0.7648357624643514
0.006101490918339891
0.9694731733153713
0.072210389681309
0.28944010663018627
0.5372376045458636
0.5974715843805234
0.7531231038897022
0.10220098660561883
0.9203367935290093
0.3864375383062436
0.0019817776422836886
0.44350452096968707
0.4379850051647173
0.6652676443509036
0.5826115482638742
0.7061446890422913
0.6005385883854845
0.1281190235668851
0.20741039468486755
0.805590788250978
0.3459833530547637
0.3969207171219752
0.06760925815634511
0.261013826744495
0.4129632097244361
0.07963248803788137
0.5307964081950328
0.03483220844253854
0.16740364114175266
0.6596091057535562
0.7338854430856832
0.7302942937252683
0.5977268339273369
0.6813101162436299
0.9374026625301299
0.7046237369560499
0.28447487223951073
0.733728724118763
0.8009140808179299
0.019510781130427812
0.8972281686430198
0.6752958414787195
0.18960798283076485
0.9212409567114741
0.17502612014380747
0.39264794728609786
0.728494336078269
0.719510142710521
0.4060678708949117
0.14053095534163673
0.08337741078508598
0.5169829550004305
0.1382908916546155
0.1712441412629918
0.8667034612727406
0.23090912504325467
0.22449560802370172
0.9294119203777005
0.1415805851507853
0.7436203687102544
0.3340048244494547
0.5615032632543794
0.7287133342833083
0.8204880855592971
0.7474163346925832
0.8694020172660268
0.9086894984665699
0.6419299695045437
0.5918283406010927
0.12346367399543323
0.656002328566674
0.41031160989390625
0.6709868413668604
0.3428775229374623
0.24138683530782779
0.5130967172464481
0.6981249255838439
0.7497852627393949
0.8954930969254414
0.1503575100562511
0.04883391652706248
0.1084904310378958
0.23961642899204882
0.16776489912966752
0.11712691333205716
0.5722257491659436
0.35814812064422064
0.07543530120339292
0.9799253195883838
0.4773281801558904
0.7126065727021473
0.8785194243644472
0.3535195142502642
0.24830439107311164
0.5785538810307509
0.397175601257891
0.760124854631532
0.20715211065640238
0.32439784859311704
0.2115784821016009
0.41347473577057614
0.6164354613070895
0.6450252144819936
0.23187145429845157
0.5794627195660603
0.7279958829493273
0.813406754742548
0.16347896771797843
0.07116598451086631
0.9578118643539572
0.11976074536817605
0.814953044314327
0.09715253258997258
0.5624049000318098
0.9305559217925073
0.27853569888189234
0.8977952753008104
0.35332063764949817
0.21858096530531712
0.5028769120115917
0.4763861286102933
0.053598049089441435
0.9905027132333747
0.6728559531817915
0.2601635157543516
0.8737714158362888
0.769780098978376
0.11321096989864832
0.7109374008285201
0.7648332594806998
0.18049715763932472
0.14069034128611568
0.7458156649957977
0.5917191485388017
0.7216227662920092
0.40369655499896306
0.32560660053061685
0.16325764799736986
0.021400492715989095
0.768901376054264
0.7217919728255926
0.653162231842104
0.21801734842088127
0.7410689112759278
0.782536094613982
0.45152400949562177
0.6253955749437933
0.7353310123369337
0.9840160921045896
0.8973975452105639
0.5118963746325156
0.260417020742884
0.1754290162427924
0.6604545653515184
0.644920591139693
0.21684824221427879
0.7043520231515109
0.7633132336571827
0.23583605352146908
0.06586439141004485
0.043701919922867205
0.3660333329548523
0.0573569308400349
0.5828582960816279
0.13236049666790295
0.470400957867962
0.7994455859027845
0.2733518178988965
0.38860294344267676
0.6440083788723768
0.18000288679526377
0.30005437786901834
0.7587864336103083
0.7127684893448264
0.9330579881227303
0.9463034323031705
0.22332637190480242
0.12538513262981388
0.5598642436448779
0.2241932985397702
0.8978085877128642
0.3544341125011934
0.6472531002876865
0.22495744110658167
0.2391550988438942
0.26609216530473534
0.6327928334674873
0.20467648004674166
0.8950826440015974
0.8641839864451893
0.12774475403834418
0.20014247085565096
0.4196621851292347
0.19410046831866945
0.296504691969082
0.17771719470258862
0.4186090205646573
0.47827374212008955
0.33516261790788604
0.33228104505767553
0.6850027200753138
0.7472777185769147
0.7920088120479797
0.17387551959325143
0.5394566394691775
0.3292556090980133
0.3292605086268018
0.46640148008061744
0.8983273270195536
0.5652584982891884
0.537977629310659
0.9157422807729245
0.5593738917372647
0.029212191234259666
0.5870821856019026
0.7439390743244602
0.816348391130718
0.34861200777365553
0.8125908993786197
0.9315531613959256
0.7923180399200643
0.4456783419405046
0.8346158879409682
0.9621083925308659
0.8160905230705001
0.6485883811384981
0.42738381098783673
0.3605141516661745
0.7569343949411101
0.6585322210313463
0.16146890692207339
0.18162733323616698
0.4798561351061458
0.800724763163958
0.7876307935552687
0.8756197606288576
0.48701639898919746
0.33613681253906313
0.4380933713226397
0.6335747290804618
0.3704378742646057
0.8655926521597856
0.9837961388854715
0.3997451155309225
0.9169778542744413
0.019013201517907197
0.30509470987061227
0.2261622648353948
0.5786085879603964
0.6899674361530316
0.8085829329446833
0.5407932868185936
0.5493688243085306
0.049326896683382304
0.2541536627590052
0.20220241070932732
0.8749207082486957
0.4517017091374961
0.8441112460120731
0.9216789570479728
0.8614659036304528
0.13446835534679502
0.5700935225530515
0.7480533569581557
0.5478455885748208
0.30158334689384014
0.013756980277974229
0.8309297792274946
0.15796882222296038
0.7830088559294962
0.15362348388178082
0.6048220140611311
0.26028479093032386
0.9654596683413523
0.2431827329807289
0.8696867887374625
0.8268339240788578
0.10131341840948749
0.4942896257810704
0.9826070107136753
0.5064839243420785
0.41990911641578976
0.1250915302595781
0.5208847896623401
0.2052763595025101
0.6890914038947465
0.3131645923445051
0.3285620460913877
0.5013806824273032
0.0047413299488731075
0.732235333707609
0.8163943553525043
0.5129717913759746
0.62216653092885
0.6448072943834179
0.7495615509889823
0.5844183291414091
0.5856073162153341
0.9732089140318739
0.5279063118970742
0.5594892091059956
0.7607473197028581
0.37802395852276693
0.14024961778537626
0.4698554683383307
0.630000528567872
0.13556065852856336
0.5573403815774227
0.18298583674577873
0.8714792621947842
0.5249616154662206
0.3172534013300288
0.9256039050637722
0.30993041726488424
0.5107515698820223
0.4525587730265982
0.6271955427432703
0.30156007958790143
0.7380653464065283
0.7103423902860088
0.7126255161574174
0.9945496229897781
0.24549374732401064
0.22416635791136108
0.3137420283825013
0.19319902971308323
0.8444306400848687
0.4113146690685008
0.8669194090933089
0.7460159266813129
0.8139992872870292
0.8891784220277384
0.7168077925877894
0.4767019164390738
0.41708194850725266
0.6313915922659719
0.6561307411198641
0.6818703859440981
0.755671349073531
0.4173374145599654
0.29719050033464445
0.13046266689833463
0.6527087565687721
0.8679018650228375
0.7928122317595739
0.31721277910928003
0.5727680619045161
0.0058598398559059905
0.702777670380787
0.4461429869113357
0.07539051436409305
0.3310365183260746
0.7363699865990093
0.2499558542697662
0.932571100825718
0.8583945739077936
0.6924711829012536
0.2873212659707396
0.8358413674553707
0.43145589933449047
0.1657243599553796
0.8024390796769263
0.5685898239017164
0.89397383184777
0.49059260469738475
0.5798918621687367
0.6257064734602431
0.3795300539343859
0.9547176606147816
0.48268387711085914
0.5253321797779943
0.06173815060344756
0.5288008400142513
0.5224963035074304
0.4764405645595975
0.19699343539580805
0.23229956978941302
0.37857093775361406
0.6411738815383047
0.18721644165962303
0.7825532014938613
0.25526730500753014
0.9623004921337024
0.6917956813915782
0.3595216359046377
0.848221415912943
0.413856973980975
0.5259425153242675
0.15914120813302812
0.9751670411977049
0.5769825248851088
0.19692926659342103
0.905372110243945
0.11986268208235884
0.64314907417468
0.4501892879071152
0.6443322420261439
0.7362011321933996
0.30343621861329906
0.12401551233706087
0.9534823912051431
0.6644604977403001
0.4951943155597629
0.9446019316479448
0.1646485272239333
0.4227890155376638
0.6463856066477447
0.6324301703525423
0.3217363337452501
0.4543982710224368
0.883087655435244
0.8365111415499704
0.3723145997413323
0.634572601597053
0.6470892236305499
0.9647497267755144
0.5268134607994215
0.47148517371352927
0.3082035686470187
0.9367078758129866
0.8099042179555073
0.4709439964438593
0.6498701661407555
0.2492998744037348
0.5756977728356353
0.07757393515507083
0.5568101689191937
0.5164607663734254
0.16171869454044463
0.4535737653346381
0.8399473377730322
0.8205871876558248
0.9161829762636351
0.11106984764596306
0.8965004437457347
0.7965574146849368
0.5489268764728069
0.07522100500402551
0.8220993578343203
0.358395366240143
0.12840547668256386
0.8226121193074208
0.666971577229152
0.37415095551116795
0.07549907463045213
0.7131062732007205
